1100023,Erika,23,801
1100023,Erique,24,802
1100023,Erivaldo,10,803
1100023,Erli,14,804
1100023,Ernandes,16,805
1100023,Ernesto,10,806
1100023,Estefane,11,807
1100023,Estefani,45,808
1100023,Estefany,13,809
1100023,Estela,21,810
1100023,Ester,62,811
1100023,Euclides,13,812
1100023,Eunice,47,813
1100023,Eurides,12,814
1100023,Eva,83,815
1100023,Evaldo,25,816
1100023,Evandro,50,817
1100023,Evanilda,11,818
1100023,Evanildo,12,819
1100023,Evelin,52,820
1100023,Evelyn,16,821
1100023,Everaldo,28,822
1100023,Everson,19,823
1100023,Everton,66,824
1100023,Evilin,15,825
1100023,Ezequias,20,826
1100023,Ezequiel,60,827
1100023,Fabiana,146,828
1100023,Fabiane,30,829
1100023,Fabiano,70,830
1100023,Fabio,233,831
1100023,Fabiola,45,832
1100023,Fabiula,13,833
1100023,Fabricia,24,834
1100023,Fabricio,90,835
1100023,Fagner,41,836
1100023,Fatima,71,837
1100023,Felipe,270,838
1100023,Fernanda,220,839
1100023,Fernando,218,840
1100023,Flavia,72,841
1100023,Flavio,102,842
1100023,Florisvaldo,11,843
1100023,Franciele,102,844
1100023,Francieli,37,845
1100023,Francilene,20,846
1100023,Francisca,165,847
1100023,Francisco,462,848
1100023,Francismar,10,849
1100023,Franciso,16,850
1100023,Frank,11,851
1100023,Franklin,10,852
1100023,Gabriel,443,853
1100023,Gabriela,154,854
1100023,Gabriele,64,855
1100023,Gabrieli,36,856
1100023,Gabrielly,11,857
1100023,Gean,58,858
1100023,Geane,27,859
1100023,Geisiane,26,860
1100023,Gelson,17,861
1100023,Genesio,13,862
1100023,Geni,42,863
1100023,Genilda,12,864
1100023,Genilson,23,865
1100023,Genival,12,866
1100023,Genivaldo,38,867
1100023,Geovana,76,868
1100023,Geovane,53,869
1100023,Geovani,31,870
1100023,Geralda,39,871
1100023,Geraldo,142,872
1100023,Gerson,27,873
1100023,Gessica,47,874
1100023,Getulio,15,875
1100023,Gideon,10,876
1100023,Gilberto,119,877
1100023,Gilda,17,878
1100023,Gilmar,141,879
1100023,Gilmara,12,880
1100023,Gilson,87,881
1100023,Gilvan,35,882
1100023,Giovana,17,883
1100023,Gisele,56,884
1100023,Gislaine,46,885
1100023,Gislene,13,886
1100023,Givanildo,14,887
1100023,Gleice,27,888
1100023,Gleiciane,30,889
1100023,Gleison,14,890
1100023,Gloria,14,891
1100023,Graciele,37,892
1100023,Gracieli,14,893
1100023,Greice,13,894
1100023,Guilherme,227,895
1100023,Guiomar,14,896
1100023,Gustavo,241,897
1100023,Helen,19,898
1100023,Helena,67,899
1100023,Helio,56,900